426712,'accomplis',1,50;363197335,426712,14270847,4,25;14270847,'Ver:ImPre+SG+P2',4,0
426712,'accomplis',1,50;362915578,426712,161717,4,25;161717,'Ver:IPre+SG+P2',4,50
426712,'accomplis',1,50;362915241,426712,150117,4,25;150117,'Ver:IPre+SG+P1',4,50
426712,'accomplis',1,50;363793198,426712,2946892,4,25;2946892,'Ver:Conjug',4,0
426712,'accomplis',1,50;363810314,426712,161738,4,25;161738,'Ver:IPSim+SG+P1',4,50
426712,'accomplis',1,50;363810644,426712,161736,4,25;161736,'Ver:IPSim+SG+P2',4,50
426712,'accomplis',1,50;14344200,426712,147151,4,53;147151,'Adj:Mas+PL',4,50
426712,'accomplis',1,50;14344206,426712,212235,4,56;212235,'Ver:',4,50
426712,'accomplis',1,50;14344205,426712,161728,4,56;161728,'Ver:PPas+Mas+PL:IPre+SG+P1:IPre+SG+P2:IPSim+SG+P1:IPSim+SG+P2:ImPre+SG+P2',4,50
426712,'accomplis',1,50;14344202,426712,146887,4,57;146887,'Nom:Mas+PL',4,50
426712,'accomplis',1,50;14344203,426712,171870,4,60;171870,'Nom:',4,50
426712,'accomplis',1,50;14344201,426712,171869,4,61;171869,'Adj:',4,50
