141851,'cache',1,108;2220,141851,146881,4,57;146881,'Nom:Fem+SG',4,50
141851,'cache',1,108;390165507,141851,146882,4,-25;146882,'Ver:Inf',4,50
141851,'cache',1,108;2221,141851,146885,4,51;146885,'Nom:Mas+SG',4,50
141851,'cache',1,108;362962221,141851,150117,4,25;150117,'Ver:IPre+SG+P1',4,50
141851,'cache',1,108;362971130,141851,150118,4,25;150118,'Ver:IPre+SG+P3',4,50
141851,'cache',1,108;362980129,141851,150119,4,25;150119,'Ver:SPre+SG+P1',4,50
141851,'cache',1,108;362989236,141851,150120,4,25;150120,'Ver:SPre+SG+P3',4,50
141851,'cache',1,108;344144,141851,161698,4,54;161698,'Ver:IPre+SG+P1:IPre+SG+P3:SPre+SG+P1:SPre+SG+P3:ImPre+SG+P2',4,50
141851,'cache',1,108;493267,141851,171870,4,88;171870,'Nom:',4,50
141851,'cache',1,108;12087375,141851,212235,4,51;212235,'Ver:',4,50
141851,'cache',1,108;72420484,141851,2946892,4,45;2946892,'Ver:Conjug',4,0
141851,'cache',1,108;363203977,141851,14270847,4,25;14270847,'Ver:ImPre+SG+P2',4,0
