28722,'cachette',1,326;2230,28722,146881,4,57;146881,'Nom:Fem+SG',4,50
28722,'cachette',1,326;362961804,28722,150117,4,25;150117,'Ver:IPre+SG+P1',4,50
28722,'cachette',1,326;362970717,28722,150118,4,25;150118,'Ver:IPre+SG+P3',4,50
28722,'cachette',1,326;362979706,28722,150119,4,25;150119,'Ver:SPre+SG+P1',4,50
28722,'cachette',1,326;362988821,28722,150120,4,25;150120,'Ver:SPre+SG+P3',4,50
28722,'cachette',1,326;344146,28722,161698,4,53;161698,'Ver:IPre+SG+P1:IPre+SG+P3:SPre+SG+P1:SPre+SG+P3:ImPre+SG+P2',4,50
28722,'cachette',1,326;638656,28722,171870,4,43;171870,'Nom:',4,50
28722,'cachette',1,326;12087381,28722,212235,4,55;212235,'Ver:',4,50
28722,'cachette',1,326;72420485,28722,2946892,4,45;2946892,'Ver:Conjug',4,0
28722,'cachette',1,326;363203562,28722,14270847,4,25;14270847,'Ver:ImPre+SG+P2',4,0
