7705,'chienne',1,316;4380,7705,146881,4,184;146881,'Nom:Fem+SG',4,50
7705,'chienne',1,316;344666,7705,146894,4,85;146894,'Adj:Fem+SG',4,50
7705,'chienne',1,316;362961041,7705,150117,4,25;150117,'Ver:IPre+SG+P1',4,50
7705,'chienne',1,316;362969969,7705,150118,4,25;150118,'Ver:IPre+SG+P3',4,50
7705,'chienne',1,316;362978960,7705,150119,4,25;150119,'Ver:SPre+SG+P1',4,50
7705,'chienne',1,316;362988072,7705,150120,4,25;150120,'Ver:SPre+SG+P3',4,50
7705,'chienne',1,316;344667,7705,161698,4,51;161698,'Ver:IPre+SG+P1:IPre+SG+P3:SPre+SG+P1:SPre+SG+P3:ImPre+SG+P2',4,50
7705,'chienne',1,316;1951875,7705,171869,4,106;171869,'Adj:',4,50
7705,'chienne',1,316;484207,7705,171870,4,440;171870,'Nom:',4,50
7705,'chienne',1,316;12088522,7705,212235,4,60;212235,'Ver:',4,50
7705,'chienne',1,316;72420622,7705,2946892,4,65;2946892,'Ver:Conjug',4,0
7705,'chienne',1,316;363202816,7705,14270847,4,25;14270847,'Ver:ImPre+SG+P2',4,0
