2044755,'dérange',2,0;363207413,2044755,14270847,4,25;14270847,'Ver:ImPre+SG+P2',4,0
2044755,'dérange',2,0;362992718,2044755,150120,4,25;150120,'Ver:SPre+SG+P3',4,50
2044755,'dérange',2,0;362983543,2044755,150119,4,25;150119,'Ver:SPre+SG+P1',4,50
2044755,'dérange',2,0;362974549,2044755,150118,4,25;150118,'Ver:IPre+SG+P3',4,50
2044755,'dérange',2,0;362965620,2044755,150117,4,25;150117,'Ver:IPre+SG+P1',4,50
2044755,'dérange',2,0;72475081,2044755,2946892,4,45;2946892,'Ver:Conjug',4,0
2044755,'dérange',2,0;32380120,2044755,212235,4,58;212235,'Ver:',4,50
2044755,'dérange',2,0;32587651,2044755,171870,4,58;171870,'Nom:',4,50
2044755,'dérange',2,0;32587652,2044755,146881,4,60;146881,'Nom:Fem+SG',4,50
2044755,'dérange',2,0;32380114,2044755,161698,4,65;161698,'Ver:IPre+SG+P1:IPre+SG+P3:SPre+SG+P1:SPre+SG+P3:ImPre+SG+P2',4,50
