2032280,'endormis',2,0;363197487,2032280,14270847,4,25;14270847,'Ver:ImPre+SG+P2',4,0
2032280,'endormis',2,0;362915708,2032280,161717,4,25;161717,'Ver:IPre+SG+P2',4,50
2032280,'endormis',2,0;362915371,2032280,150117,4,25;150117,'Ver:IPre+SG+P1',4,50
2032280,'endormis',2,0;91533800,2032280,161735,4,28;161735,'Ver:IPre+SG+P1:IPre+SG+P2:IPSim+SG+P1:IPSim+SG+P2:ImPre+SG+P2',4,50
2032280,'endormis',2,0;91533801,2032280,161728,4,28;161728,'Ver:PPas+Mas+PL:IPre+SG+P1:IPre+SG+P2:IPSim+SG+P1:IPSim+SG+P2:ImPre+SG+P2',4,50
2032280,'endormis',2,0;91533803,2032280,146887,4,28;146887,'Nom:Mas+PL',4,50
2032280,'endormis',2,0;91533804,2032280,171870,4,29;171870,'Nom:',4,50
2032280,'endormis',2,0;32969045,2032280,161702,4,45;161702,'Ver:PPas',4,50
2032280,'endormis',2,0;72433469,2032280,2946892,4,45;2946892,'Ver:Conjug',4,0
2032280,'endormis',2,0;32161597,2032280,161715,4,53;161715,'Ver:PPas+Mas+PL',4,50
2032280,'endormis',2,0;32161604,2032280,161736,4,55;161736,'Ver:IPSim+SG+P2',4,50
2032280,'endormis',2,0;32161600,2032280,161738,4,57;161738,'Ver:IPSim+SG+P1',4,50
2032280,'endormis',2,0;32161598,2032280,212235,4,58;212235,'Ver:',4,50
2032280,'endormis',2,0;32302676,2032280,147151,4,60;147151,'Adj:Mas+PL',4,50
2032280,'endormis',2,0;32302678,2032280,171869,4,67;171869,'Adj:',4,50
