2192641,'envahis',2,0;363197484,2192641,14270847,4,25;14270847,'Ver:ImPre+SG+P2',4,0
2192641,'envahis',2,0;362915706,2192641,161717,4,25;161717,'Ver:IPre+SG+P2',4,50
2192641,'envahis',2,0;362915369,2192641,150117,4,25;150117,'Ver:IPre+SG+P1',4,50
2192641,'envahis',2,0;363810129,2192641,161738,4,25;161738,'Ver:IPSim+SG+P1',4,50
2192641,'envahis',2,0;363810459,2192641,161736,4,25;161736,'Ver:IPSim+SG+P2',4,50
2192641,'envahis',2,0;91486026,2192641,161735,4,27;161735,'Ver:IPre+SG+P1:IPre+SG+P2:IPSim+SG+P1:IPSim+SG+P2:ImPre+SG+P2',4,50
2192641,'envahis',2,0;91486028,2192641,161728,4,27;161728,'Ver:PPas+Mas+PL:IPre+SG+P1:IPre+SG+P2:IPSim+SG+P1:IPSim+SG+P2:ImPre+SG+P2',4,50
2192641,'envahis',2,0;91486030,2192641,146887,4,29;146887,'Nom:Mas+PL',4,50
2192641,'envahis',2,0;91486031,2192641,171870,4,29;171870,'Nom:',4,50
2192641,'envahis',2,0;91486024,2192641,2946892,4,30;2946892,'Ver:Conjug',4,0
2192641,'envahis',2,0;91486027,2192641,147151,4,38;147151,'Adj:Mas+PL',4,50
2192641,'envahis',2,0;32593096,2192641,212235,4,51;212235,'Ver:',4,50
2192641,'envahis',2,0;32843425,2192641,171869,4,62;171869,'Adj:',4,50
