403574,'finis',1,50;363197319,403574,14270847,4,25;14270847,'Ver:ImPre+SG+P2',4,0
403574,'finis',1,50;362915563,403574,161717,4,25;161717,'Ver:IPre+SG+P2',4,50
403574,'finis',1,50;362915226,403574,150117,4,25;150117,'Ver:IPre+SG+P1',4,50
403574,'finis',1,50;363810333,403574,161738,4,25;161738,'Ver:IPSim+SG+P1',4,50
403574,'finis',1,50;363810663,403574,161736,4,25;161736,'Ver:IPSim+SG+P2',4,50
403574,'finis',1,50;72423880,403574,2946892,4,45;2946892,'Ver:Conjug',4,0
403574,'finis',1,50;14353104,403574,161735,4,52;161735,'Ver:IPre+SG+P1:IPre+SG+P2:IPSim+SG+P1:IPSim+SG+P2:ImPre+SG+P2',4,50
403574,'finis',1,50;14353105,403574,212235,4,53;212235,'Ver:',4,50
403574,'finis',1,50;14353099,403574,147151,4,55;147151,'Adj:Mas+PL',4,50
403574,'finis',1,50;14353106,403574,161728,4,57;161728,'Ver:PPas+Mas+PL:IPre+SG+P1:IPre+SG+P2:IPSim+SG+P1:IPSim+SG+P2:ImPre+SG+P2',4,50
403574,'finis',1,50;14353101,403574,146887,4,58;146887,'Nom:Mas+PL',4,50
403574,'finis',1,50;14353102,403574,171870,4,60;171870,'Nom:',4,50
403574,'finis',1,50;14353100,403574,171869,4,66;171869,'Adj:',4,50
