140975,'lave',1,722;33991,140975,146881,4,104;146881,'Nom:Fem+SG',4,50
140975,'lave',1,722;362962306,140975,150117,4,25;150117,'Ver:IPre+SG+P1',4,50
140975,'lave',1,722;362971215,140975,150118,4,25;150118,'Ver:IPre+SG+P3',4,50
140975,'lave',1,722;362980214,140975,150119,4,25;150119,'Ver:SPre+SG+P1',4,50
140975,'lave',1,722;362989321,140975,150120,4,25;150120,'Ver:SPre+SG+P3',4,50
140975,'lave',1,722;349825,140975,161698,4,54;161698,'Ver:IPre+SG+P1:IPre+SG+P3:SPre+SG+P1:SPre+SG+P3:ImPre+SG+P2',4,50
140975,'lave',1,722;1408748,140975,171870,4,116;171870,'Nom:',4,50
140975,'lave',1,722;12100456,140975,212235,4,58;212235,'Ver:',4,50
140975,'lave',1,722;72421675,140975,2946892,4,75;2946892,'Ver:Conjug',4,0
140975,'lave',1,722;363204062,140975,14270847,4,25;14270847,'Ver:ImPre+SG+P2',4,0
