25426,'mangeaille',1,64;363204070,25426,14270847,4,25;14270847,'Ver:ImPre+SG+P2',4,0
25426,'mangeaille',1,64;362989329,25426,150120,4,25;150120,'Ver:SPre+SG+P3',4,50
25426,'mangeaille',1,64;362980222,25426,150119,4,25;150119,'Ver:SPre+SG+P1',4,50
25426,'mangeaille',1,64;362971223,25426,150118,4,25;150118,'Ver:IPre+SG+P3',4,50
25426,'mangeaille',1,64;362962314,25426,150117,4,25;150117,'Ver:IPre+SG+P1',4,50
25426,'mangeaille',1,64;72421769,25426,2946892,4,45;2946892,'Ver:Conjug',4,0
25426,'mangeaille',1,64;12101135,25426,212235,4,52;212235,'Ver:',4,50
25426,'mangeaille',1,64;35850,25426,146881,4,54;146881,'Nom:Fem+SG',4,50
25426,'mangeaille',1,64;350200,25426,161698,4,54;161698,'Ver:IPre+SG+P1:IPre+SG+P3:SPre+SG+P1:SPre+SG+P3:ImPre+SG+P2',4,50
25426,'mangeaille',1,64;633803,25426,171870,4,55;171870,'Nom:',4,50
