45705,'marche',1,1006;363204071,45705,14270847,4,25;14270847,'Ver:ImPre+SG+P2',4,0
45705,'marche',1,1006;362989330,45705,150120,4,25;150120,'Ver:SPre+SG+P3',4,50
45705,'marche',1,1006;362980223,45705,150119,4,25;150119,'Ver:SPre+SG+P1',4,50
45705,'marche',1,1006;362971224,45705,150118,4,25;150118,'Ver:IPre+SG+P3',4,50
45705,'marche',1,1006;362962315,45705,150117,4,25;150117,'Ver:IPre+SG+P1',4,50
45705,'marche',1,1006;72421791,45705,2946892,4,45;2946892,'Ver:Conjug',4,0
45705,'marche',1,1006;36055,45705,146881,4,53;146881,'Nom:Fem+SG',4,50
45705,'marche',1,1006;350273,45705,161698,4,54;161698,'Ver:IPre+SG+P1:IPre+SG+P3:SPre+SG+P1:SPre+SG+P3:ImPre+SG+P2',4,50
45705,'marche',1,1006;12101237,45705,212235,4,60;212235,'Ver:',4,50
45705,'marche',1,1006;1410461,45705,171870,4,107;171870,'Nom:',4,50
