150038,'range',1,50;48101,150038,146881,4,54;146881,'Nom:Fem+SG',4,50
150038,'range',1,50;362961150,150038,150117,4,25;150117,'Ver:IPre+SG+P1',4,50
150038,'range',1,50;362970066,150038,150118,4,25;150118,'Ver:IPre+SG+P3',4,50
150038,'range',1,50;362979058,150038,150119,4,25;150119,'Ver:SPre+SG+P1',4,50
150038,'range',1,50;362988169,150038,150120,4,25;150120,'Ver:SPre+SG+P3',4,50
150038,'range',1,50;352939,150038,161698,4,51;161698,'Ver:IPre+SG+P1:IPre+SG+P3:SPre+SG+P1:SPre+SG+P3:ImPre+SG+P2',4,50
150038,'range',1,50;1950329,150038,171870,4,55;171870,'Nom:',4,50
150038,'range',1,50;12106780,150038,212235,4,54;212235,'Ver:',4,50
150038,'range',1,50;72422403,150038,2946892,4,45;2946892,'Ver:Conjug',4,0
150038,'range',1,50;363202914,150038,14270847,4,25;14270847,'Ver:ImPre+SG+P2',4,0
