2087354,'rattrape',2,0;363206705,2087354,14270847,4,25;14270847,'Ver:ImPre+SG+P2',4,0
2087354,'rattrape',2,0;362991996,2087354,150120,4,25;150120,'Ver:SPre+SG+P3',4,50
2087354,'rattrape',2,0;362982833,2087354,150119,4,25;150119,'Ver:SPre+SG+P1',4,50
2087354,'rattrape',2,0;362973817,2087354,150118,4,25;150118,'Ver:IPre+SG+P3',4,50
2087354,'rattrape',2,0;362964910,2087354,150117,4,25;150117,'Ver:IPre+SG+P1',4,50
2087354,'rattrape',2,0;427988220,2087354,146881,4,25;146881,'Nom:Fem+SG',4,50
2087354,'rattrape',2,0;52042304,2087354,171870,4,45;171870,'Nom:',4,50
2087354,'rattrape',2,0;72481456,2087354,2946892,4,45;2946892,'Ver:Conjug',4,0
2087354,'rattrape',2,0;32413198,2087354,161698,4,59;161698,'Ver:IPre+SG+P1:IPre+SG+P3:SPre+SG+P1:SPre+SG+P3:ImPre+SG+P2',4,50
2087354,'rattrape',2,0;32413201,2087354,212235,4,60;212235,'Ver:',4,50
