43989,'ravage',1,122;390440805,43989,146882,4,-25;146882,'Ver:Inf',4,50
43989,'ravage',1,122;363202917,43989,14270847,4,25;14270847,'Ver:ImPre+SG+P2',4,0
43989,'ravage',1,122;362988172,43989,150120,4,25;150120,'Ver:SPre+SG+P3',4,50
43989,'ravage',1,122;362979061,43989,150119,4,25;150119,'Ver:SPre+SG+P1',4,50
43989,'ravage',1,122;362970069,43989,150118,4,25;150118,'Ver:IPre+SG+P3',4,50
43989,'ravage',1,122;362961155,43989,150117,4,25;150117,'Ver:IPre+SG+P1',4,50
43989,'ravage',1,122;72422416,43989,2946892,4,45;2946892,'Ver:Conjug',4,0
43989,'ravage',1,122;353011,43989,161698,4,51;161698,'Ver:IPre+SG+P1:IPre+SG+P3:SPre+SG+P1:SPre+SG+P3:ImPre+SG+P2',4,50
43989,'ravage',1,122;48310,43989,146885,4,53;146885,'Nom:Mas+SG',4,50
43989,'ravage',1,122;12106931,43989,212235,4,53;212235,'Ver:',4,50
43989,'ravage',1,122;544771,43989,171870,4,55;171870,'Nom:',4,50
