163791,'remplie',1,84;363202610,163791,14270847,4,25;14270847,'Ver:ImPre+SG+P2',4,0
163791,'remplie',1,84;362987876,163791,150120,4,25;150120,'Ver:SPre+SG+P3',4,50
163791,'remplie',1,84;362978776,163791,150119,4,25;150119,'Ver:SPre+SG+P1',4,50
163791,'remplie',1,84;362969787,163791,150118,4,25;150118,'Ver:IPre+SG+P3',4,50
163791,'remplie',1,84;362960857,163791,150117,4,25;150117,'Ver:IPre+SG+P1',4,50
163791,'remplie',1,84;2181303,163791,171869,4,27;171869,'Adj:',4,50
163791,'remplie',1,84;105165011,163791,146894,4,28;146894,'Adj:Fem+SG',4,50
163791,'remplie',1,84;12113866,163791,161702,4,34;161702,'Ver:PPas',4,50
163791,'remplie',1,84;75889088,163791,161698,4,45;161698,'Ver:IPre+SG+P1:IPre+SG+P3:SPre+SG+P1:SPre+SG+P3:ImPre+SG+P2',4,50
163791,'remplie',1,84;75889090,163791,2946892,4,45;2946892,'Ver:Conjug',4,0
163791,'remplie',1,84;12107881,163791,212235,4,51;212235,'Ver:',4,50
163791,'remplie',1,84;12107880,163791,161700,4,56;161700,'Ver:PPas+Fem+SG',4,50
