246844,'remplis',1,50;364325336,246844,14270847,4,25;14270847,'Ver:ImPre+SG+P2',4,0
246844,'remplis',1,50;12114071,246844,161702,4,34;161702,'Ver:PPas',4,50
246844,'remplis',1,50;12114675,246844,171869,4,34;171869,'Adj:',4,50
246844,'remplis',1,50;72423424,246844,2946892,4,45;2946892,'Ver:Conjug',4,0
246844,'remplis',1,50;12107891,246844,161736,4,52;161736,'Ver:IPSim+SG+P2',4,50
246844,'remplis',1,50;12107887,246844,150117,4,54;150117,'Ver:IPre+SG+P1',4,50
246844,'remplis',1,50;12107890,246844,161738,4,55;161738,'Ver:IPSim+SG+P1',4,50
246844,'remplis',1,50;12107885,246844,150116,4,57;150116,'Ver:Imp+SG+P2',4,50
246844,'remplis',1,50;12107888,246844,161717,4,57;161717,'Ver:IPre+SG+P2',4,50
246844,'remplis',1,50;12107889,246844,161715,4,57;161715,'Ver:PPas+Mas+PL',4,50
246844,'remplis',1,50;12107886,246844,212235,4,60;212235,'Ver:',4,50
