89591,'table',1,3620;55581,89591,146881,4,55;146881,'Nom:Fem+SG',4,50
89591,'table',1,3620;362961178,89591,150117,4,25;150117,'Ver:IPre+SG+P1',4,50
89591,'table',1,3620;362970088,89591,150118,4,25;150118,'Ver:IPre+SG+P3',4,50
89591,'table',1,3620;362979080,89591,150119,4,25;150119,'Ver:SPre+SG+P1',4,50
89591,'table',1,3620;362988191,89591,150120,4,25;150120,'Ver:SPre+SG+P3',4,50
89591,'table',1,3620;354964,89591,161698,4,51;161698,'Ver:IPre+SG+P1:IPre+SG+P3:SPre+SG+P1:SPre+SG+P3:ImPre+SG+P2',4,50
89591,'table',1,3620;394071238,89591,171869,4,25;171869,'Adj:',4,50
89591,'table',1,3620;540564,89591,171870,4,85;171870,'Nom:',4,50
89591,'table',1,3620;12110884,89591,212235,4,59;212235,'Ver:',4,50
89591,'table',1,3620;72422769,89591,2946892,4,45;2946892,'Ver:Conjug',4,0
89591,'table',1,3620;363202936,89591,14270847,4,25;14270847,'Ver:ImPre+SG+P2',4,0
